pH[  0 2 0 0  5 0 5 0  0 
ԏ  0 4 0 0  5 0 10 0  0
  0 2 0 0  5 0 10 5  3

Ȃ߂H[  3 0 0 0  5 0 5 0  6
ޏ  0 0 10 0  10 0 10 0  8
򑐏  0 5 0 0  10 0 10 0  0

h  2 0 0 0  5 0 5 5  1 1
q  1 0 0 0  5 0 10 10  1 2
H[  3 0 0 0  10 0 5 10  9

ΐ؏  0 0 0 5  5 0 5 10  10
Bݔ  0 0 0 3  5 0 5 5  10
΍H̍H[  3 0 0 5  5 0 5 10  11

^F()  5 0 0 0  10 0 5 10  13
Bݔ  3 0 0 0  5 0 5 5  12
(ւ)  10 0 0 0  20 0 10 30  0

^F()  2 0 0 0  10 0 5 10  15
Bݔ  0 0 0 3  5 0 5 5  14
  5 0 0 0  15 0 10 30  16

蓃  0 0 0 0  15 0 5 0  0
{  5 0 0 0  10 0 15 10  17
dĉ  5 0 0 0  10 0 10 15  18

蓃  0 0 0 0  15 0 5 0  0
{  4 1 0 0  10 0 15 10  6
`[YH[  2 3 0 0  10 0 5 20  19

蓃  0 0 0 0  15 0 5 0  0
{  0 5 0 0  10 0 15 10  0
̉H  0 5 0 0  10 0 15 10  0