î_ë∫
0 3 0 0  15 0 10 25  2
0 3 0 0  10 0 5 15  2
1

êXó—èWóé
0 0 5 0  15 0 35 0  7
0 0 2 0  10 0 20 0  7
1

ésèÍí¨
5 0 0 0  15 0 10 40  1 1
1 0 0 0  10 0 5 25  1 1
0

çzéR(êŒ)
0 0 0 5  20 0 15 25  10
0 0 0 4  10 0 5 10  10
1

çzéR(ã‡)
5 0 0 0  20 0 15 25  12
2 0 0 0  10 0 5 10  12
1

çzéR(ìS)
2 0 0 0  20 0 15 25  14
1 0 0 1  10 0 5 10  14
1

ñqèÍë∫(ór)
1 2 0 0  15 0 15 25  17
2 0 0 0  10 0 10 15  17
0

ñqèÍë∫(ãç)
1 2 0 0  15 0 15 25  6
1 1 0 0  10 0 10 15  0
0

ñqèÍë∫(ìÿ)
0 3 0 0  15 0 15 25  0
0 2 0 0  10 0 10 15  0
0